50
1
42
6 28 34 35 41 48 52 56 72 83 94 105 123 139 144 154 156 173 182 183 185 190 199 202 203 208 235 236 237 243 246 260 270 292 293 302 307 325 379 397 399 408 
464
2
42
10 11 22 24 34 72 81 82 96 114 123 137 145 147 149 152 163 189 215 221 230 231 237 260 269 277 286 287 289 298 307 310 323 324 345 347 348 351 359 365 389 418 
144
3
40
32 34 53 56 59 74 83 91 113 119 124 125 130 142 151 222 227 230 231 237 240 271 273 298 305 307 316 331 338 339 346 351 356 362 367 368 374 375 378 387 
3107
4
42
11 34 49 60 61 82 90 99 100 101 108 109 123 125 129 135 167 177 184 189 191 207 212 243 246 252 262 282 283 290 296 302 304 325 338 349 368 378 396 397 411 418 
534
5
4
19 21 29 40 
127
6
18
30 36 57 64 81 82 90 91 119 129 134 138 140 155 164 168 169 172 
824
7
9
14 30 33 34 46 50 56 58 85 
514
8
4
1 9 19 21 
196
9
49
14 32 33 43 47 53 57 61 80 92 103 107 119 128 149 151 159 170 172 176 185 208 216 219 222 239 242 256 258 263 310 312 322 325 349 380 383 393 409 410 423 424 437 453 456 470 477 479 480 
4889
10
6
3 23 26 29 44 47 
417
11
8
10 42 50 53 57 70 73 75 
768
12
43
1 14 32 46 50 53 55 59 60 87 92 113 132 190 194 196 197 207 210 219 224 226 230 236 237 238 274 276 288 306 314 337 348 356 357 365 370 373 384 406 409 416 425 
2521
13
9
2 5 20 21 32 46 63 67 83 
373
14
17
46 55 70 79 80 84 88 90 97 101 113 129 135 143 145 154 156 
958
15
42
12 13 18 42 46 68 74 75 81 84 93 104 106 123 126 133 134 149 153 158 163 183 198 205 215 234 245 255 266 284 286 288 294 320 322 344 348 351 355 379 393 420 
142
16
23
1 5 6 7 11 14 37 56 68 81 98 104 125 127 131 141 155 156 162 166 185 190 191 
994
17
9
2 4 15 23 25 29 57 60 89 
652
18
1
8 
60
19
27
27 32 41 44 53 66 69 77 79 101 113 124 127 136 145 148 153 164 165 168 171 196 228 230 248 250 258 
2095
20
26
1 8 29 34 38 46 47 50 52 57 68 91 92 94 105 151 152 159 172 184 201 203 221 223 225 239 
1200
21
9
2 8 38 50 54 69 71 75 88 
350
22
11
14 17 23 46 51 76 91 92 97 99 105 
116
23
27
12 23 28 35 52 60 63 67 75 80 100 110 123 124 128 156 157 174 175 178 188 200 202 207 223 233 246 
932
24
14
16 23 29 40 46 56 59 62 72 88 95 104 124 128 
421
25
21
14 15 20 22 33 49 52 74 75 86 91 97 104 116 121 132 134 135 157 168 179 
1755
26
43
4 10 13 16 33 79 81 92 96 115 124 142 148 151 158 160 162 163 166 171 181 182 191 204 215 259 261 270 283 284 293 296 306 313 325 336 347 348 349 384 390 395 429 
2275
27
9
2 22 30 37 38 43 58 78 90 
640
28
14
2 4 11 13 22 28 53 55 56 58 65 80 94 109 
1284
29
26
11 24 36 41 44 48 52 63 67 72 80 99 105 114 133 159 162 171 188 190 205 231 240 244 246 247 
303
30
23
10 15 16 29 36 49 67 75 79 83 106 141 144 155 156 160 169 186 193 208 209 212 230 
270
31
2
4 13 
72
32
3
4 8 11 
201
33
4
1 8 10 24 
15
34
16
9 10 29 35 42 61 64 68 90 102 104 129 143 149 158 159 
88
35
47
32 37 54 70 86 97 104 105 106 116 126 146 154 163 176 177 184 203 217 221 239 241 245 250 255 267 278 279 281 289 297 298 307 313 324 327 329 346 386 415 417 430 445 452 454 459 460 
1893
36
16
3 12 17 22 37 56 66 75 76 82 92 93 95 97 119 151 
637
37
37
1 24 25 34 44 64 81 95 100 103 106 108 113 133 144 149 159 164 171 175 197 209 229 232 233 270 275 282 319 327 341 347 349 355 361 364 370 
1282
38
4
3 4 21 35 
231
39
20
4 9 11 20 35 38 60 62 79 86 99 105 114 123 139 146 172 182 190 193 
508
40
12
14 16 52 59 61 70 76 91 98 105 118 120 
639
41
13
3 5 39 41 42 45 46 61 75 81 82 96 120 
1198
42
24
1 4 9 29 32 44 54 59 68 69 112 130 133 135 136 169 191 194 197 206 218 222 225 234 
1625
43
27
17 31 35 36 47 53 67 70 82 97 100 104 111 125 127 142 169 179 187 198 208 220 227 240 255 261 262 
2309
44
16
3 5 7 12 39 53 68 83 102 104 106 109 114 122 143 148 
336
45
31
10 13 17 19 40 45 52 55 73 74 117 123 125 139 150 160 172 176 201 209 214 233 236 237 245 249 255 259 277 300 307 
1262
46
34
19 30 33 38 48 49 53 60 91 96 108 118 123 127 139 143 156 178 186 201 208 219 237 252 259 263 266 283 291 297 319 321 329 333 
229
47
21
19 21 28 29 40 45 47 56 67 96 102 105 154 156 161 163 166 173 182 186 189 
915
48
29
16 18 24 35 36 41 68 70 75 80 97 98 101 119 124 128 145 181 185 186 214 221 230 242 253 265 272 286 288 
2623
49
15
3 36 47 70 71 73 74 75 82 91 95 100 109 119 127 
943
50
12
10 11 17 20 22 25 26 46 47 56 86 90 
93
